[gd_scene load_steps=25 format=2]

[ext_resource path="res://default_env.tres" type="Environment" id=1]
[ext_resource path="res://scripts/Camera.gd" type="Script" id=2]
[ext_resource path="res://scripts/PathRotation.gd" type="Script" id=3]
[ext_resource path="res://scripts/PathSegment.gd" type="Script" id=4]
[ext_resource path="res://materials/Stripe.png" type="Texture" id=5]
[ext_resource path="res://materials/pink.tres" type="Material" id=6]
[ext_resource path="res://Vehicle.tscn" type="PackedScene" id=8]
[ext_resource path="res://scripts/PathClone.gd" type="Script" id=9]
[ext_resource path="res://palm.tscn" type="PackedScene" id=10]
[ext_resource path="res://ring.tscn" type="PackedScene" id=11]
[ext_resource path="res://Boost.tscn" type="PackedScene" id=12]
[ext_resource path="res://materials/Ground Shader.tres" type="Material" id=13]
[ext_resource path="res://Ground Plane.gd" type="Script" id=14]
[ext_resource path="res://Checkpoints.gd" type="Script" id=15]
[ext_resource path="res://Checkpoint.tscn" type="PackedScene" id=16]

[sub_resource type="Curve3D" id=1]
_data = {
"points": PoolVector3Array( 0, 0, 0, 0, 0, 0, 0, 0, -13, 0.4, -0.6, 8.6, -0.4, 0.6, -8.6, -1, 0, -83, -1.01096, -0.430345, 14.925, 1.01096, 0.430345, -14.925, -1.32218, 1.52279, -134.69, -10.9915, 0.000534058, 14.1767, 10.9915, -0.000534058, -14.1767, 26.5725, 0, -186.007, -14.0527, 0.000274658, -0.929153, 14.0527, -0.000274658, 0.929153, 112.255, 0, -209.868, -13.7528, 6.10352e-05, -11.586, 13.7528, -6.10352e-05, 11.586, 214.206, 0, -167.569, -2.65396, -0.000106812, -17.6152, 2.65396, 0.000106812, 17.6152, 252.644, 0.467533, -94.0477, 3.97285, 0.0250216, -10.8228, -3.97285, -0.0250216, 10.8228, 252.763, -0.923695, -46.4004, 13, -2, -16, -13, 2, 16, 236.441, 0, -10.8459, 18.9509, -1.95243, 0.425629, -18.9509, 1.95243, -0.425629, 129, 8, -1, 5.69127, 0.710484, -0.477088, -5.69127, -0.710484, 0.477088, -7.18555, 29.4289, -0.704338, 2.90148, 0, -0.378455, -2.90148, 0, 0.378455, -18.0396, 12.7872, 0.441528, 14.6047, -0.0959358, -0.143141, -14.6047, 0.0959358, 0.143141, -112.074, 8.68314, -0.295872, 10.7799, 0.090229, -0.293541, -10.7799, -0.090229, 0.293541, -153.043, 6.87873, -1.0687, 14.5372, 3.2966, -6.83316, -14.5372, -3.2966, 6.83316, -196.544, 3.20473, 9.66705, 5.80186, 0.655639, -16.5893, -5.80186, -0.655639, 16.5893, -230.661, 0.250006, 57.6518, -0.550583, -0.00591415, -10.9009, 0.550583, 0.00591415, 10.9009, -229.391, 0, 122.559, -8.73372, 0.00038147, -15.4903, 8.73372, -0.00038147, 15.4903, -216.918, 0, 174.077, -17.6188, -1.52588e-05, -8.66194, 17.6188, 1.52588e-05, 8.66194, -172.45, -3.05176e-05, 215.833, 0, 0, 0, 0, 0, 0, -108.459, -3.05176e-05, 225.052, -27.8344, 1.1441, 5.25157, 27.8344, -1.1441, -5.25157, -40.69, -0.563873, 222.706, -3.42494, -0.496246, 14.8348, 3.42494, 0.496246, -14.8348, 3.33397, 0.578568, 184.435, 0.335613, 0.000289917, 11.2271, -0.335613, -0.000289917, -11.2271, 4.19254, -0.230675, 131.713, 0, 0, 0, 0, 0, 0, 0, 0, -9 ),
"tilts": PoolRealArray( -0.0572634, -0.182524, -0.548445, -0.567794, -0.612034, -0.689488, -0.618292, -0.645162, -0.32929, -0.0981216, 0, 0, 0.0856274, 0.145478, 0.468984, 0.68685, 0, 0.146779, 0.0708077, 0, 0, 0.759716, 0.456564, -0.0598923 )
}

[sub_resource type="SpatialMaterial" id=2]
albedo_color = Color( 0.321569, 0.321569, 0.321569, 1 )

[sub_resource type="Curve3D" id=3]
_data = {
"points": PoolVector3Array( 0, 0, 0, -10.7799, -0.090229, 0.293541, -153.043, 6.87873, -1.0687, 14.5372, 3.2966, -6.83316, -14.5372, -3.2966, 6.83316, -196.544, 3.20473, 9.66705, 5.80186, 0.655639, -16.5893, -5.80186, -0.655639, 16.5893, -230.661, 0.250006, 57.6518, -0.550583, -0.00591415, -10.9009, 0.550583, 0.00591415, 10.9009, -229.391, 0, 122.559 ),
"tilts": PoolRealArray( 0.145478, 0.468984, 0.68685, 0 )
}

[sub_resource type="SpatialMaterial" id=4]
flags_vertex_lighting = true
albedo_texture = ExtResource( 5 )
emission_enabled = true
emission = Color( 0, 0, 0, 1 )
emission_energy = 0.58
emission_operator = 0
emission_on_uv2 = false
emission_texture = ExtResource( 5 )

[sub_resource type="Curve3D" id=5]
_data = {
"points": PoolVector3Array( 0, 0, 0, 13.7528, -6.10352e-05, 11.586, 214.206, 0, -167.569, -2.65396, -0.000106812, -17.6152, 2.65396, 0.000106812, 17.6152, 252.644, 0.467533, -94.0477, 3.97285, 0.0250216, -10.8228, -3.97285, -0.0250216, 10.8228, 252.763, -0.923695, -46.4004, 13, -2, -16, -13, 2, 16, 236.441, 0, -10.8459 ),
"tilts": PoolRealArray( -0.689488, -0.618292, -0.645162, -0.32929 )
}

[sub_resource type="Curve3D" id=6]
_data = {
"points": PoolVector3Array( 0, 0, 0, 8.73372, -0.00038147, 15.4903, -216.918, 0, 174.077, -17.6188, -1.52588e-05, -8.66194, 17.6188, 1.52588e-05, 8.66194, -172.45, -3.05176e-05, 215.833, 0, 0, 0, 0, 0, 0, -108.459, -3.05176e-05, 225.052 ),
"tilts": PoolRealArray( 0.146779, 0.0708077, 0 )
}

[sub_resource type="SpatialMaterial" id=7]
flags_vertex_lighting = true
albedo_color = Color( 0, 0.784314, 0.992157, 1 )
emission_enabled = true
emission = Color( 0.0313726, 0.368627, 0.396078, 1 )
emission_energy = 0.1
emission_operator = 0
emission_on_uv2 = false

[sub_resource type="Curve3D" id=8]
_data = {
"points": PoolVector3Array( 0, 0, 0, 0, 0, 0, 0, 0, -13, 0.4, -0.6, 8.6, -0.4, 0.6, -8.6, -1, 0, -83, -1.01096, -0.430345, 14.925, 1.01096, 0.430345, -14.925, -1.32218, 1.52279, -134.69, -10.9915, 0.000534058, 14.1767, 10.9915, -0.000534058, -14.1767, 26.5725, 0, -186.007, -14.0527, 0.000274658, -0.929153, 14.0527, -0.000274658, 0.929153, 112.255, 0, -209.868, -13.7528, 6.10352e-05, -11.586, 13.7528, -6.10352e-05, 11.586, 214.206, 0, -167.569, -2.65396, -0.000106812, -17.6152, 2.65396, 0.000106812, 17.6152, 252.644, 0.467533, -94.0477, 3.97285, 0.0250216, -10.8228, -3.97285, -0.0250216, 10.8228, 252.763, -0.923695, -46.4004, 13, -2, -16, -13, 2, 16, 236.441, 0, -10.8459, 18.9509, -1.95243, 0.425629, -18.9509, 1.95243, -0.425629, 129, 8, -1, 5.69127, 0.710484, -0.477088, -5.69127, -0.710484, 0.477088, -7.18555, 29.4289, -0.704338, 2.90148, 0, -0.378455, -2.90148, 0, 0.378455, -18.0396, 12.7872, 0.441528, 14.6047, -0.0959358, -0.143141, -14.6047, 0.0959358, 0.143141, -112.074, 8.68314, -0.295872, 10.7799, 0.090229, -0.293541, -10.7799, -0.090229, 0.293541, -153.043, 6.87873, -1.0687, 14.5372, 3.2966, -6.83316, -14.5372, -3.2966, 6.83316, -196.544, 3.20473, 9.66705, 5.80186, 0.655639, -16.5893, -5.80186, -0.655639, 16.5893, -230.661, 0.250006, 57.6518, -0.550583, -0.00591415, -10.9009, 0.550583, 0.00591415, 10.9009, -229.391, 0, 122.559, -8.73372, 0.00038147, -15.4903, 8.73372, -0.00038147, 15.4903, -216.918, 0, 174.077, -17.6188, -1.52588e-05, -8.66194, 17.6188, 1.52588e-05, 8.66194, -172.45, -3.05176e-05, 215.833, 0, 0, 0, 0, 0, 0, -108.459, -3.05176e-05, 225.052, -27.8344, 1.1441, 5.25157, 27.8344, -1.1441, -5.25157, -40.69, -0.563873, 222.706, -3.42494, -0.496246, 14.8348, 3.42494, 0.496246, -14.8348, 3.33397, 0.578568, 184.435, 0.335613, 0.000289917, 11.2271, -0.335613, -0.000289917, -11.2271, 4.19254, -0.230675, 131.713, 0, 0, 0, 0, 0, 0, 0, 0, -9 ),
"tilts": PoolRealArray( -0.0572634, -0.182524, -0.548445, -0.567794, -0.612034, -0.689488, -0.618292, -0.645162, -0.32929, -0.0981216, 0, 0, 0.0856274, 0.145478, 0.468984, 0.68685, 0, 0.146779, 0.0708077, 0, 0, 0.759716, 0.456564, -0.0598923 )
}

[sub_resource type="QuadMesh" id=9]
material = ExtResource( 13 )
size = Vector2( 2000, 2000 )

[node name="Root" type="Spatial"]

[node name="DirectionalLight" type="DirectionalLight" parent="."]
transform = Transform( 0.999866, -0.0134175, 0.009395, 0, 0.573576, 0.819152, -0.0163797, -0.819042, 0.573499, 0, 11.6691, 0 )
light_color = Color( 0.866667, 0.866667, 0.866667, 1 )
light_bake_mode = 0
shadow_enabled = true

[node name="DirectionalLight2" type="DirectionalLight" parent="DirectionalLight"]
transform = Transform( 1, -9.31323e-10, 9.31323e-10, 0, 1, 2.98023e-08, 0, 0, 1, 0, 0, 0 )
light_color = Color( 0.866667, 0.866667, 0.866667, 1 )
light_energy = 0.19
light_bake_mode = 0

[node name="Camera" type="Camera" parent="."]
transform = Transform( 1, 0, 0, 0, 1, 0, 0, 0, 1, 0, 0, 14.708 )
environment = ExtResource( 1 )
current = true
far = 300.0
script = ExtResource( 2 )
target_object = NodePath("../Vehicle")

[node name="Track" type="Spatial" parent="."]
script = ExtResource( 3 )

[node name="MainPath" type="Path" parent="Track"]
curve = SubResource( 1 )

[node name="TrackMesh" type="CSGPolygon" parent="Track/MainPath"]
transform = Transform( 1, 0, 0, 0, 1, 0, 0, 0, 1, -2.00146, 0.977355, -0.0133953 )
use_collision = true
invert_faces = true
polygon = PoolVector2Array( -6.956, 0.505, 6.749, 0.4, 6.985, 0.617, 6.975, 1.337, 7.274, 1.337, 7.315, 0.03, -7.45, 0.042, -7.46, 1.421, -7.151, 1.411, -7.151, 0.731 )
mode = 2
path_node = NodePath("..")
path_interval = 4.612
path_rotation = 2
path_local = false
path_continuous_u = true
path_joined = true
smooth_faces = true
material = SubResource( 2 )

[node name="Linked Paths" type="Spatial" parent="Track/MainPath"]

[node name="RightBarrier" type="Path" parent="Track/MainPath/Linked Paths"]
curve = SubResource( 3 )
script = ExtResource( 4 )
parent_path = NodePath("../../../../../Root/Track/MainPath")
start_node = 13
length = 4

[node name="CSGPolygon" type="CSGPolygon" parent="Track/MainPath/Linked Paths/RightBarrier"]
invert_faces = true
polygon = PoolVector2Array( 7.05, 0.229, 7.867, 1.115, 8.991, 3.632, 9.273, 6.169, 9.917, 6.177, 9.684, 3.435, 8.232, 0.791, 7.126, -0.191 )
mode = 2
path_node = NodePath("..")
path_interval = 4.612
path_rotation = 2
path_local = false
path_continuous_u = false
path_joined = false
material = SubResource( 4 )

[node name="LeftBarrier" type="Path" parent="Track/MainPath/Linked Paths"]
curve = SubResource( 5 )
script = ExtResource( 4 )
parent_path = NodePath("../../../../../Root/Track/MainPath")
start_node = 5
length = 4

[node name="CSGPolygon" type="CSGPolygon" parent="Track/MainPath/Linked Paths/LeftBarrier"]
invert_faces = true
polygon = PoolVector2Array( -7.05, 0.229, -7.867, 1.115, -8.991, 3.632, -9.273, 6.169, -9.917, 6.177, -9.684, 3.435, -8.232, 0.791, -7.126, -0.191 )
mode = 2
path_node = NodePath("..")
path_interval = 4.612
path_rotation = 2
path_local = false
path_continuous_u = false
path_joined = false
material = SubResource( 4 )

[node name="BlueTunnel" type="Path" parent="Track/MainPath/Linked Paths"]
curve = SubResource( 6 )
script = ExtResource( 4 )
parent_path = NodePath("../../../../../Root/Track/MainPath")
start_node = 17
length = 3

[node name="CSGPolygon" type="CSGPolygon" parent="Track/MainPath/Linked Paths/BlueTunnel"]
invert_faces = true
polygon = PoolVector2Array( -1, -3, -7, -1, -8, 4, -5, 8, 0, 10, 5, 8, 8, 4, 7, -1, 1, -3, 1, -4, 8, -2, 9, 4, 6, 9, 0, 11, -6, 9, -9, 4, -8, -2, -1, -4 )
mode = 2
path_node = NodePath("..")
path_interval = 4.612
path_rotation = 2
path_local = false
path_continuous_u = false
path_joined = false
material = SubResource( 7 )

[node name="Rail" type="Path" parent="Track/MainPath/Linked Paths"]
curve = SubResource( 8 )
script = ExtResource( 4 )
parent_path = NodePath("../../../../../Root/Track/MainPath")
start_node = 0
length = 24

[node name="CSGPolygon" type="CSGPolygon" parent="Track/MainPath/Linked Paths/Rail"]
transform = Transform( 1, 0, 0, 0, 1, 0, 0, 0, 1, 0, -0.10881, 0 )
invert_faces = true
polygon = PoolVector2Array( -7.177, 1.444, -7.166, 1.668, -7.368, 1.649, -7.362, 1.447 )
mode = 2
path_node = NodePath("..")
path_interval = 4.612
path_rotation = 2
path_local = false
path_continuous_u = false
path_joined = true
material = ExtResource( 6 )

[node name="Rail2" type="Path" parent="Track/MainPath/Linked Paths"]
curve = SubResource( 8 )
script = ExtResource( 4 )
parent_path = NodePath("../../../../../Root/Track/MainPath")
start_node = 0
length = 24

[node name="CSGPolygon" type="CSGPolygon" parent="Track/MainPath/Linked Paths/Rail2"]
invert_faces = true
polygon = PoolVector2Array( 7.005, 1.5, 6.992, 1.684, 7.185, 1.675, 7.189, 1.494 )
mode = 2
path_node = NodePath("..")
path_interval = 4.612
path_rotation = 2
path_local = false
path_continuous_u = false
path_joined = true
material = ExtResource( 6 )

[node name="Checkpoints" type="Node" parent="Track/MainPath"]
script = ExtResource( 15 )
parent_node = NodePath("..")
object_res = ExtResource( 16 )
skip_indexes = [ 11, 12 ]

[node name="Checkpoints__0" parent="Track/MainPath/Checkpoints" instance=ExtResource( 16 )]
transform = Transform( -0.998319, 0.0572268, 0.00923125, 0.0572294, 0.998361, 1.59534e-05, 0.00921521, -0.000544225, 0.999957, 0, 0, -13 )
index = 0

[node name="Checkpoints__1" parent="Track/MainPath/Checkpoints" instance=ExtResource( 16 )]
transform = Transform( -0.981922, 0.180915, 0.0556613, 0.181137, 0.983457, -0.00106514, 0.0549332, -0.00903644, 0.998449, -1, 0, -83 )
index = 1

[node name="Checkpoints__2" parent="Track/MainPath/Checkpoints" instance=ExtResource( 16 )]
transform = Transform( -0.85247, 0.520297, -0.0508582, 0.521148, 0.853456, -0.00418568, -0.0412275, 0.0300729, 0.998697, -1.32218, 1.52279, -134.69 )
index = 2

[node name="Checkpoints__3" parent="Track/MainPath/Checkpoints" instance=ExtResource( 16 )]
transform = Transform( -0.666227, 0.425085, -0.612735, 0.537773, 0.84309, 0.000173205, -0.516664, 0.329397, 0.790288, 26.5725, 0, -186.007 )
index = 3

[node name="Checkpoints__4" parent="Track/MainPath/Checkpoints" instance=ExtResource( 16 )]
transform = Transform( 0.0458556, -0.0321844, -0.998429, 0.574533, 0.818481, 3.2946e-06, -0.817196, 0.573631, -0.056023, 112.255, 0, -209.868 )
index = 4

[node name="Checkpoints__5" parent="Track/MainPath/Checkpoints" instance=ExtResource( 16 )]
transform = Transform( 0.489179, -0.403316, -0.773331, 0.636142, 0.771572, 6.89314e-07, -0.59668, 0.491949, -0.634003, 214.206, 0, -167.569 )
index = 5

[node name="Checkpoints__6" parent="Track/MainPath/Checkpoints" instance=ExtResource( 16 )]
transform = Transform( 0.80471, -0.572427, -0.157384, 0.579644, 0.81487, -4.8549e-05, -0.128275, 0.0911874, -0.987538, 252.644, 0.467533, -94.0477 )
index = 6

[node name="Checkpoints__7" parent="Track/MainPath/Checkpoints" instance=ExtResource( 16 )]
transform = Transform( 0.751248, -0.565666, 0.340071, 0.601325, 0.799005, 0.000664984, 0.272094, -0.203993, -0.9404, 252.763, -0.923695, -46.4004 )
index = 7

[node name="Checkpoints__8" parent="Track/MainPath/Checkpoints" instance=ExtResource( 16 )]
transform = Transform( 0.755611, -0.253629, 0.603924, 0.321885, 0.946765, -0.00512131, 0.570475, -0.198264, -0.797025, 236.441, 0, -10.8459 )
index = 8

[node name="Checkpoints__9" parent="Track/MainPath/Checkpoints" instance=ExtResource( 16 )]
transform = Transform( -0.0145089, 0.00190453, 0.999893, 0.0974674, 0.995239, -0.000481372, 0.995133, -0.09745, 0.0146255, 129, 8, -1 )
index = 9

[node name="Checkpoints__10" parent="Track/MainPath/Checkpoints" instance=ExtResource( 16 )]
transform = Transform( 0.0702301, 0, 0.997531, 0, 1, 0, 0.997531, 0, -0.0702301, -7.18555, 29.4289, -0.704338 )
index = 10

[node name="Checkpoints__13" parent="Track/MainPath/Checkpoints" instance=ExtResource( 16 )]
transform = Transform( 0.0268868, 0.00383334, 0.999631, -0.144958, 0.989438, 0.000104656, 0.989072, 0.144908, -0.0271585, -153.043, 6.87873, -1.0687 )
index = 13

[node name="Checkpoints__14" parent="Track/MainPath/Checkpoints" instance=ExtResource( 16 )]
transform = Transform( 0.458759, 0.206399, 0.864256, -0.442935, 0.896306, 0.0210625, 0.770291, 0.392472, -0.50261, -196.544, 3.20473, 9.66705 )
index = 14

[node name="Checkpoints__15" parent="Track/MainPath/Checkpoints" instance=ExtResource( 16 )]
transform = Transform( 0.736813, 0.600307, 0.311027, -0.63369, 0.773544, 0.00819082, 0.235676, 0.20313, -0.950366, -230.661, 0.250006, 57.6518 )
index = 15

[node name="Checkpoints__16" parent="Track/MainPath/Checkpoints" instance=ExtResource( 16 )]
transform = Transform( 0.998511, 0, -0.0545441, 0, 1, 0, -0.0545441, 0, -0.998511, -229.391, 0, 122.559 )
index = 16

[node name="Checkpoints__17" parent="Track/MainPath/Checkpoints" instance=ExtResource( 16 )]
transform = Transform( 0.864281, 0.127777, -0.48651, -0.146253, 0.989247, 2.53729e-07, -0.481279, -0.0711531, -0.873675, -216.918, 0, 174.077 )
index = 17

[node name="Checkpoints__18" parent="Track/MainPath/Checkpoints" instance=ExtResource( 16 )]
transform = Transform( 0.443626, 0.0314648, -0.895659, -0.0707486, 0.997494, 1.9503e-09, -0.893415, -0.0633666, -0.444741, -172.45, -3.05176e-05, 215.833 )
index = 18

[node name="Checkpoints__19" parent="Track/MainPath/Checkpoints" instance=ExtResource( 16 )]
transform = Transform( 0.012127, 0, -0.999927, 0, 1, 0, -0.999927, 0, -0.012127, -108.459, -3.05176e-05, 225.052 )
index = 19

[node name="Checkpoints__20" parent="Track/MainPath/Checkpoints" instance=ExtResource( 16 )]
transform = Transform( -0.181888, 0, -0.983319, 0, 1, 0, -0.983319, 0, 0.181888, -40.69, -0.563873, 222.706 )
index = 20

[node name="Checkpoints__21" parent="Track/MainPath/Checkpoints" instance=ExtResource( 16 )]
transform = Transform( -0.700264, -0.667726, -0.252534, -0.688334, 0.725337, -0.00915098, -0.189282, -0.16742, 0.967545, 3.33397, 0.578568, 184.435 )
index = 21

[node name="Checkpoints__22" parent="Track/MainPath/Checkpoints" instance=ExtResource( 16 )]
transform = Transform( -0.897122, -0.440649, 0.0316312, -0.440866, 0.897573, 0.000119059, 0.0284438, 0.0138383, 0.9995, 4.19254, -0.230675, 131.713 )
index = 22

[node name="Checkpoints__23" parent="Track/MainPath/Checkpoints" instance=ExtResource( 16 )]
transform = Transform( -0.997761, 0.0598298, 0.0298806, 0.0598564, 0.998207, -3.19572e-06, 0.0298272, -0.00178536, 0.999554, 0, 0, -9 )
index = 23

[node name="Trees" type="Spatial" parent="."]
script = ExtResource( 9 )
parent_path = NodePath("../Track/MainPath")
object_res = ExtResource( 10 )
copies = 14
space_between = 0.01
offset = Vector3( -8.362, -0.409, 0 )
random_rotate = true
mirror_x = true

[node name="Trees__0" parent="Trees" instance=ExtResource( 10 )]
transform = Transform( 0.957122, 0, -0.289684, 0, 1, 0, 0.289684, 0, 0.957122, 8.32294, -0.886863, -13.0811 )

[node name="Trees__0_(Mirror)" parent="Trees" instance=ExtResource( 10 )]
transform = Transform( -0.704048, 0, 0.710152, 0, 1, 0, -0.710152, 0, -0.704048, -8.36983, 0.0702422, -12.9263 )

[node name="Trees__1" parent="Trees" instance=ExtResource( 10 )]
transform = Transform( -0.937224, 0, 0.348728, 0, 1, 0, -0.348728, 0, -0.937224, 8.10797, -1.36827, -29.4017 )

[node name="Trees__1_(Mirror)" parent="Trees" instance=ExtResource( 10 )]
transform = Transform( 0.997084, 0, 0.0763074, 0, 1, 0, -0.0763074, 0, 0.997084, -8.5314, 0.286556, -29.2302 )

[node name="Trees__2" parent="Trees" instance=ExtResource( 10 )]
transform = Transform( -0.810413, 0, -0.585859, 0, 1, 0, 0.585859, 0, -0.810413, 7.89099, -1.64298, -45.6717 )

[node name="Trees__2_(Mirror)" parent="Trees" instance=ExtResource( 10 )]
transform = Transform( 0.676987, 0, -0.735995, 0, 1, 0, 0.735995, 0, 0.676987, -8.70918, 0.373791, -45.4773 )

[node name="Trees__3" parent="Trees" instance=ExtResource( 10 )]
transform = Transform( 0.0274377, 0, 0.999624, 0, 1, 0, -0.999624, 0, 0.0274377, 7.64111, -1.85582, -62.1777 )

[node name="Trees__3_(Mirror)" parent="Trees" instance=ExtResource( 10 )]
transform = Transform( -0.866932, 0, -0.498427, 0, 1, 0, 0.498427, 0, -0.866932, -8.91249, 0.513183, -61.9367 )

[node name="Trees__4" parent="Trees" instance=ExtResource( 10 )]
transform = Transform( 0.251425, 0, 0.967877, 0, 1, 0, -0.967877, 0, 0.251425, 7.30454, -1.96462, -78.5902 )

[node name="Trees__4_(Mirror)" parent="Trees" instance=ExtResource( 10 )]
transform = Transform( -0.997669, 0, -0.0682346, 0, 1, 0, 0.0682346, 0, -0.997669, -9.16448, 0.844164, -78.1557 )

[node name="Trees__5" parent="Trees" instance=ExtResource( 10 )]
transform = Transform( -0.178107, 0, -0.984011, 0, 1, 0, 0.984011, 0, -0.178107, 6.45416, -2.27791, -94.9424 )

[node name="Trees__5_(Mirror)" parent="Trees" instance=ExtResource( 10 )]
transform = Transform( -0.961763, 0, -0.273882, 0, 1, 0, 0.273882, 0, -0.961763, -9.53258, 2.48817, -94.325 )

[node name="Trees__6" parent="Trees" instance=ExtResource( 10 )]
transform = Transform( 0.229284, 0, -0.97336, 0, 1, 0, 0.97336, 0, 0.229284, 5.80921, -2.64081, -111.21 )

[node name="Trees__6_(Mirror)" parent="Trees" instance=ExtResource( 10 )]
transform = Transform( 0.522849, 0, 0.852425, 0, 1, 0, -0.852425, 0, 0.522849, -9.61926, 3.76247, -110.907 )

[node name="Trees__7" parent="Trees" instance=ExtResource( 10 )]
transform = Transform( -0.366735, 0, 0.930325, 0, 1, 0, -0.930325, 0, -0.366735, 5.5109, -2.99606, -127.451 )

[node name="Trees__7_(Mirror)" parent="Trees" instance=ExtResource( 10 )]
transform = Transform( 0.143, 0, -0.989723, 0, 1, 0, 0.989723, 0, 0.143, -9.18784, 4.94456, -127.671 )

[node name="Trees__8" parent="Trees" instance=ExtResource( 10 )]
transform = Transform( -0.978932, 0, 0.204187, 0, 1, 0, -0.204187, 0, -0.978932, 7.1534, -3.1621, -141.283 )

[node name="Trees__8_(Mirror)" parent="Trees" instance=ExtResource( 10 )]
transform = Transform( 0.90938, 0, 0.415967, 0, 1, 0, -0.415967, 0, 0.90938, -6.28235, 5.55354, -146.079 )

[node name="Trees__9" parent="Trees" instance=ExtResource( 10 )]
transform = Transform( 0.0213764, 0, -0.999771, 0, 1, 0, 0.999771, 0, 0.0213764, 13.4641, -3.75329, -154.891 )

[node name="Trees__9_(Mirror)" parent="Trees" instance=ExtResource( 10 )]
transform = Transform( -0.651211, 0, 0.758896, 0, 1, 0, -0.758896, 0, -0.651211, 1.36948, 5.11163, -162.207 )

[node name="Trees__10" parent="Trees" instance=ExtResource( 10 )]
transform = Transform( -0.555926, 0, 0.831232, 0, 1, 0, -0.831232, 0, -0.555926, 22.093, -4.47181, -168.481 )

[node name="Trees__10_(Mirror)" parent="Trees" instance=ExtResource( 10 )]
transform = Transform( 0.904937, 0, 0.425545, 0, 1, 0, -0.425545, 0, 0.904937, 10.7365, 4.51551, -176.784 )

[node name="Trees__11" parent="Trees" instance=ExtResource( 10 )]
transform = Transform( -0.846685, 0, -0.532094, 0, 1, 0, 0.532094, 0, -0.846685, 31.6929, -4.88459, -181.516 )

[node name="Trees__11_(Mirror)" parent="Trees" instance=ExtResource( 10 )]
transform = Transform( -0.252634, 0, 0.967562, 0, 1, 0, -0.967562, 0, -0.252634, 20.521, 4.19874, -190.022 )

[node name="Trees__12" parent="Trees" instance=ExtResource( 10 )]
transform = Transform( -0.937042, 0, 0.349216, 0, 1, 0, -0.349216, 0, -0.937042, 42.3998, -4.95119, -188.438 )

[node name="Trees__12_(Mirror)" parent="Trees" instance=ExtResource( 10 )]
transform = Transform( 0.00187071, 0, 0.999998, 0, 1, 0, -0.999998, 0, 0.00187071, 36.6922, 4.26836, -201.17 )

[node name="Trees__13" parent="Trees" instance=ExtResource( 10 )]
transform = Transform( 0.526694, 0, -0.850055, 0, 1, 0, 0.850055, 0, 0.526694, 56.7897, -4.99854, -193.615 )

[node name="Trees__13_(Mirror)" parent="Trees" instance=ExtResource( 10 )]
transform = Transform( -0.533931, 0, -0.845528, 0, 1, 0, 0.845528, 0, -0.533931, 52.6766, 4.31895, -206.88 )

[node name="Rings" type="Spatial" parent="."]
script = ExtResource( 9 )
parent_path = NodePath("../Track/MainPath")
object_res = ExtResource( 11 )
start_pos = 0.882
copies = 12
space_between = 0.007
align_to_path = true

[node name="Rings__0" parent="Rings" instance=ExtResource( 11 )]
transform = Transform( -0.573697, -0.765236, -0.292037, -0.798446, 0.602, -0.00892621, -0.182637, -0.228055, 0.956365, 2.96863, 0.526001, 185.897 )

[node name="Rings__1" parent="Rings" instance=ExtResource( 11 )]
transform = Transform( -0.630241, -0.772578, -0.0769428, -0.774905, 0.632077, 0.000624031, -0.0481517, -0.0600166, 0.997035, 4.7494, 0.686333, 174.597 )

[node name="Rings__2" parent="Rings" instance=ExtResource( 11 )]
transform = Transform( -0.676099, -0.736677, 0.0140406, -0.736734, 0.676181, 0.00159065, 0.0106658, 0.00926873, 0.9999, 5.20914, 0.51926, 163.2 )

[node name="Rings__3" parent="Rings" instance=ExtResource( 11 )]
transform = Transform( -0.716135, -0.695416, 0.0595575, -0.696698, 0.717364, -0.0010713, 0.0419794, 0.0422608, 0.998224, 5.04975, 0.221778, 151.713 )

[node name="Rings__4" parent="Rings" instance=ExtResource( 11 )]
transform = Transform( -0.758437, -0.647674, 0.0727441, -0.649607, 0.76026, -0.00392748, 0.0527607, 0.0502339, 0.997343, 4.56906, -0.0946533, 140.251 )

[node name="Rings__5" parent="Rings" instance=ExtResource( 11 )]
transform = Transform( -0.815608, -0.57787, 0.0291512, -0.578103, 0.815964, 0.000520659, 0.0240872, 0.0164277, 0.999575, 4.10614, -0.228691, 128.819 )

[node name="Rings__6" parent="Rings" instance=ExtResource( 11 )]
transform = Transform( -0.847734, -0.529662, 0.028361, -0.529862, 0.848084, 0.000565367, 0.024352, 0.0145481, 0.999598, 3.76261, -0.213549, 117.296 )

[node name="Rings__7" parent="Rings" instance=ExtResource( 11 )]
transform = Transform( -0.86841, -0.495031, 0.0284174, -0.495212, 0.868772, 0.00078918, 0.0250789, 0.0133873, 0.999596, 3.41784, -0.195914, 105.727 )

[node name="Rings__8" parent="Rings" instance=ExtResource( 11 )]
transform = Transform( -0.885072, -0.464585, 0.0284282, -0.46475, 0.885441, 0.000913653, 0.0255959, 0.0124033, 0.999595, 3.07018, -0.177234, 94.06 )

[node name="Rings__9" parent="Rings" instance=ExtResource( 11 )]
transform = Transform( -0.899332, -0.436339, 0.0284691, -0.43649, 0.899709, 0.0010242, 0.0260608, 0.0115054, 0.999594, 2.72386, -0.158114, 82.4365 )

[node name="Rings__10" parent="Rings" instance=ExtResource( 11 )]
transform = Transform( -0.912109, -0.408945, 0.0286741, -0.409081, 0.912497, 0.00118949, 0.0266514, 0.0106451, 0.999588, 2.37708, -0.138624, 70.7967 )

[node name="Rings__11" parent="Rings" instance=ExtResource( 11 )]
transform = Transform( -0.92406, -0.381175, 0.0286191, -0.381299, 0.924451, 0.00122692, 0.0269246, 0.00977868, 0.99959, 2.02352, -0.118489, 58.9289 )

[node name="Boost Area" parent="." instance=ExtResource( 12 )]
transform = Transform( -0.00150044, -0.165514, 0.986082, -0.0136506, 0.986108, -0.166258, 0.944866, 0.0139836, -0.000836068, 72.2945, 17.4962, 0.379875 )
start_pos = 0.443
offset = Vector3( 1.68, 0.58, 0 )

[node name="Vehicle" parent="." instance=ExtResource( 8 )]
transform = Transform( 1, 0, 0, 0, 1, 0, 0, 0, 1, 0, 4.43006, 0 )
hover_height = 0.7
instability_period = 1.6
offset_position_max = Vector3( 0.07, 0.06, 0 )

[node name="Ground Plane" type="MeshInstance" parent="."]
transform = Transform( 1, 0, 0, 0, 1.19249e-08, 1, 0, -1, 1.19249e-08, 1.36915, -14.4357, 0.300076 )
mesh = SubResource( 9 )
material/0 = null
script = ExtResource( 14 )
