[gd_scene load_steps=25 format=2]

[ext_resource path="res://default_env.tres" type="Environment" id=1]
[ext_resource path="res://scripts/Camera.gd" type="Script" id=2]
[ext_resource path="res://scripts/PathRotation.gd" type="Script" id=3]
[ext_resource path="res://scripts/PathSegment.gd" type="Script" id=4]
[ext_resource path="res://materials/Stripe.png" type="Texture" id=5]
[ext_resource path="res://materials/pink.tres" type="Material" id=6]
[ext_resource path="res://materials/red&white.png" type="Texture" id=7]
[ext_resource path="res://Vehicle.tscn" type="PackedScene" id=8]
[ext_resource path="res://scripts/PathClone.gd" type="Script" id=9]
[ext_resource path="res://palm.tscn" type="PackedScene" id=10]
[ext_resource path="res://ring.tscn" type="PackedScene" id=11]
[ext_resource path="res://Boost.tscn" type="PackedScene" id=12]
[ext_resource path="res://materials/Ground Shader.tres" type="Material" id=13]
[ext_resource path="res://Ground Plane.gd" type="Script" id=14]

[sub_resource type="Curve3D" id=1]
_data = {
"points": PoolVector3Array( 0, 0, 0, 0, 0, 0, 0, 0, -13, 0, 0, 0, 0, 0, 0, -0.502323, 0.300304, -97.3571, -1.01096, -0.430345, 14.925, 1.01096, 0.430345, -14.925, -1.32218, 1.52279, -134.69, -10.9915, 0.000534058, 14.1767, 10.9915, -0.000534058, -14.1767, 26.5725, 0, -186.007, -14.0527, 0.000274658, -0.929153, 14.0527, -0.000274658, 0.929153, 112.255, 0, -209.868, -13.7528, 6.10352e-05, -11.586, 13.7528, -6.10352e-05, 11.586, 214.206, 0, -167.569, -2.65396, -0.000106812, -17.6152, 2.65396, 0.000106812, 17.6152, 252.644, 0.467533, -94.0477, 3.97285, 0.0250216, -10.8228, -3.97285, -0.0250216, 10.8228, 252.763, -0.923695, -46.4004, 13, -2, -16, -13, 2, 16, 236.441, 0, -10.8459, 18.4807, -9.53674e-05, -0.401894, -18.4807, 9.53674e-05, 0.401894, 128.353, 8.64568, -1.42054, 5.69127, 0.710484, -0.477088, -5.69127, -0.710484, 0.477088, -7.18555, 29.4289, -0.704338, 2.90148, 0, -0.378455, -2.90148, 0, 0.378455, -18.0396, 12.7872, 0.441528, 14.6047, -0.0959358, -0.143141, -14.6047, 0.0959358, 0.143141, -112.074, 8.68314, -0.295872, 10.7799, 0.090229, -0.293541, -10.7799, -0.090229, 0.293541, -153.043, 6.87873, -1.0687, 14.5372, 3.2966, -6.83316, -14.5372, -3.2966, 6.83316, -196.544, 3.20473, 9.66705, 5.80186, 0.655639, -16.5893, -5.80186, -0.655639, 16.5893, -230.661, 0.250006, 57.6518, -0.550583, -0.00591415, -10.9009, 0.550583, 0.00591415, 10.9009, -229.391, 0, 122.559, -8.73372, 0.00038147, -15.4903, 8.73372, -0.00038147, 15.4903, -216.918, 0, 174.077, -17.6188, -1.52588e-05, -8.66194, 17.6188, 1.52588e-05, 8.66194, -172.45, -3.05176e-05, 215.833, 0, 0, 0, 0, 0, 0, -108.459, -3.05176e-05, 225.052, -27.8344, 1.1441, 5.25157, 27.8344, -1.1441, -5.25157, -40.69, -0.563873, 222.706, -3.42494, -0.496246, 14.8348, 3.42494, 0.496246, -14.8348, 3.33397, 0.578568, 184.435, 0.335613, 0.000289917, 11.2271, -0.335613, -0.000289917, -11.2271, 4.19254, -0.230675, 131.713, 0, 0, 0, 0, 0, 0, 0, 0, -9 ),
"tilts": PoolRealArray( -0.0572634, -0.181098, -0.548445, -0.567794, -0.612034, -0.689488, -0.618292, -0.645162, -0.32929, -0.0981216, 0, 0, 0.0856274, 0.145478, 0.468984, 0.68685, 0, 0.146779, 0.0708077, 0, 0, 0.759716, 0.456564, -0.0598923 )
}

[sub_resource type="SpatialMaterial" id=2]
albedo_color = Color( 0.321569, 0.321569, 0.321569, 1 )

[sub_resource type="Curve3D" id=3]
_data = {
"points": PoolVector3Array( 0, 0, 0, -10.7799, -0.090229, 0.293541, -153.043, 6.87873, -1.0687, 14.5372, 3.2966, -6.83316, -14.5372, -3.2966, 6.83316, -196.544, 3.20473, 9.66705, 5.80186, 0.655639, -16.5893, -5.80186, -0.655639, 16.5893, -230.661, 0.250006, 57.6518, -0.550583, -0.00591415, -10.9009, 0.550583, 0.00591415, 10.9009, -229.391, 0, 122.559 ),
"tilts": PoolRealArray( 0.145478, 0.468984, 0.68685, 0 )
}

[sub_resource type="SpatialMaterial" id=4]
flags_vertex_lighting = true
albedo_texture = ExtResource( 5 )
emission_enabled = true
emission = Color( 0, 0, 0, 1 )
emission_energy = 0.58
emission_operator = 0
emission_on_uv2 = false
emission_texture = ExtResource( 5 )

[sub_resource type="Curve3D" id=5]
_data = {
"points": PoolVector3Array( 0, 0, 0, 13.7528, -6.10352e-05, 11.586, 214.206, 0, -167.569, -2.65396, -0.000106812, -17.6152, 2.65396, 0.000106812, 17.6152, 252.644, 0.467533, -94.0477, 3.97285, 0.0250216, -10.8228, -3.97285, -0.0250216, 10.8228, 252.763, -0.923695, -46.4004, 13, -2, -16, -13, 2, 16, 236.441, 0, -10.8459 ),
"tilts": PoolRealArray( -0.689488, -0.618292, -0.645162, -0.32929 )
}

[sub_resource type="Curve3D" id=6]
_data = {
"points": PoolVector3Array( 0, 0, 0, 8.73372, -0.00038147, 15.4903, -216.918, 0, 174.077, -17.6188, -1.52588e-05, -8.66194, 17.6188, 1.52588e-05, 8.66194, -172.45, -3.05176e-05, 215.833, 0, 0, 0, 0, 0, 0, -108.459, -3.05176e-05, 225.052 ),
"tilts": PoolRealArray( 0.146779, 0.0708077, 0 )
}

[sub_resource type="SpatialMaterial" id=7]
flags_vertex_lighting = true
albedo_color = Color( 0, 0.784314, 0.992157, 1 )
emission_enabled = true
emission = Color( 0.0313726, 0.368627, 0.396078, 1 )
emission_energy = 0.1
emission_operator = 0
emission_on_uv2 = false

[sub_resource type="Curve3D" id=8]
_data = {
"points": PoolVector3Array( 0, 0, 0, 0, 0, 0, 0, 0, -13, 0, 0, 0, 0, 0, 0, -0.502323, 0.300304, -97.3571, -1.01096, -0.430345, 14.925, 1.01096, 0.430345, -14.925, -1.32218, 1.52279, -134.69, -10.9915, 0.000534058, 14.1767, 10.9915, -0.000534058, -14.1767, 26.5725, 0, -186.007, -14.0527, 0.000274658, -0.929153, 14.0527, -0.000274658, 0.929153, 112.255, 0, -209.868, -13.7528, 6.10352e-05, -11.586, 13.7528, -6.10352e-05, 11.586, 214.206, 0, -167.569, -2.65396, -0.000106812, -17.6152, 2.65396, 0.000106812, 17.6152, 252.644, 0.467533, -94.0477, 3.97285, 0.0250216, -10.8228, -3.97285, -0.0250216, 10.8228, 252.763, -0.923695, -46.4004, 13, -2, -16, -13, 2, 16, 236.441, 0, -10.8459, 18.4807, -9.53674e-05, -0.401894, -18.4807, 9.53674e-05, 0.401894, 128.353, 8.64568, -1.42054, 5.69127, 0.710484, -0.477088, -5.69127, -0.710484, 0.477088, -7.18555, 29.4289, -0.704338, 2.90148, 0, -0.378455, -2.90148, 0, 0.378455, -18.0396, 12.7872, 0.441528, 14.6047, -0.0959358, -0.143141, -14.6047, 0.0959358, 0.143141, -112.074, 8.68314, -0.295872, 10.7799, 0.090229, -0.293541, -10.7799, -0.090229, 0.293541, -153.043, 6.87873, -1.0687, 14.5372, 3.2966, -6.83316, -14.5372, -3.2966, 6.83316, -196.544, 3.20473, 9.66705, 5.80186, 0.655639, -16.5893, -5.80186, -0.655639, 16.5893, -230.661, 0.250006, 57.6518, -0.550583, -0.00591415, -10.9009, 0.550583, 0.00591415, 10.9009, -229.391, 0, 122.559, -8.73372, 0.00038147, -15.4903, 8.73372, -0.00038147, 15.4903, -216.918, 0, 174.077, -17.6188, -1.52588e-05, -8.66194, 17.6188, 1.52588e-05, 8.66194, -172.45, -3.05176e-05, 215.833, 0, 0, 0, 0, 0, 0, -108.459, -3.05176e-05, 225.052, -27.8344, 1.1441, 5.25157, 27.8344, -1.1441, -5.25157, -40.69, -0.563873, 222.706, -3.42494, -0.496246, 14.8348, 3.42494, 0.496246, -14.8348, 3.33397, 0.578568, 184.435, 0.335613, 0.000289917, 11.2271, -0.335613, -0.000289917, -11.2271, 4.19254, -0.230675, 131.713, 0, 0, 0, 0, 0, 0, 0, 0, -9 ),
"tilts": PoolRealArray( -0.0572634, -0.181098, -0.548445, -0.567794, -0.612034, -0.689488, -0.618292, -0.645162, -0.32929, -0.0981216, 0, 0, 0.0856274, 0.145478, 0.468984, 0.68685, 0, 0.146779, 0.0708077, 0, 0, 0.759716, 0.456564, -0.0598923 )
}

[sub_resource type="SpatialMaterial" id=9]
flags_vertex_lighting = true
albedo_texture = ExtResource( 7 )
emission_enabled = true
emission = Color( 1, 0, 0, 1 )
emission_energy = 0.0
emission_operator = 0
emission_on_uv2 = false
emission_texture = ExtResource( 7 )
uv1_scale = Vector3( 4.04, 1, 1 )

[sub_resource type="QuadMesh" id=10]
material = ExtResource( 13 )
size = Vector2( 2000, 2000 )

[node name="Root" type="Spatial"]

[node name="DirectionalLight" type="DirectionalLight" parent="."]
transform = Transform( 0.999866, -0.0134175, 0.009395, 0, 0.573576, 0.819152, -0.0163797, -0.819042, 0.573499, 0, 11.6691, 0 )
light_color = Color( 0.866667, 0.866667, 0.866667, 1 )
light_bake_mode = 0
shadow_enabled = true

[node name="DirectionalLight2" type="DirectionalLight" parent="DirectionalLight"]
transform = Transform( 1, -9.31323e-10, 9.31323e-10, 0, 1, 2.98023e-08, 0, 0, 1, 0, 0, 0 )
light_color = Color( 0.866667, 0.866667, 0.866667, 1 )
light_energy = 0.19
light_bake_mode = 0

[node name="Camera" type="Camera" parent="."]
transform = Transform( 1, 0, 0, 0, 1, 0, 0, 0, 1, 0, 0, 14.708 )
environment = ExtResource( 1 )
current = true
far = 300.0
script = ExtResource( 2 )
target_object = NodePath("../Vehicle")
target_height = 2.0

[node name="Track" type="Spatial" parent="."]
script = ExtResource( 3 )

[node name="MainPath" type="Path" parent="Track"]
curve = SubResource( 1 )

[node name="TrackMesh" type="CSGPolygon" parent="Track/MainPath"]
transform = Transform( 1, 0, 0, 0, 1, 0, 0, 0, 1, -2.00146, 0.977355, -0.0133953 )
use_collision = true
invert_faces = true
polygon = PoolVector2Array( -6.956, 0.505, 6.749, 0.4, 6.985, 0.617, 6.975, 1.337, 7.274, 1.337, 7.315, 0.03, -7.45, 0.042, -7.46, 1.421, -7.151, 1.411, -7.151, 0.731 )
mode = 2
path_node = NodePath("..")
path_interval = 4.612
path_rotation = 2
path_local = false
path_continuous_u = true
path_joined = true
smooth_faces = true
material = SubResource( 2 )

[node name="Linked Paths" type="Spatial" parent="Track/MainPath"]

[node name="RightBarrier" type="Path" parent="Track/MainPath/Linked Paths"]
curve = SubResource( 3 )
script = ExtResource( 4 )
parent_path = NodePath("../../../../../Root/Track/MainPath")
start_node = 13
length = 4

[node name="CSGPolygon" type="CSGPolygon" parent="Track/MainPath/Linked Paths/RightBarrier"]
invert_faces = true
polygon = PoolVector2Array( 7.05, 0.229, 7.867, 1.115, 8.991, 3.632, 9.273, 6.169, 9.917, 6.177, 9.684, 3.435, 8.232, 0.791, 7.126, -0.191 )
mode = 2
path_node = NodePath("..")
path_interval = 4.612
path_rotation = 2
path_local = false
path_continuous_u = false
path_joined = false
material = SubResource( 4 )

[node name="LeftBarrier" type="Path" parent="Track/MainPath/Linked Paths"]
curve = SubResource( 5 )
script = ExtResource( 4 )
parent_path = NodePath("../../../../../Root/Track/MainPath")
start_node = 5
length = 4

[node name="CSGPolygon" type="CSGPolygon" parent="Track/MainPath/Linked Paths/LeftBarrier"]
invert_faces = true
polygon = PoolVector2Array( -7.05, 0.229, -7.867, 1.115, -8.991, 3.632, -9.273, 6.169, -9.917, 6.177, -9.684, 3.435, -8.232, 0.791, -7.126, -0.191 )
mode = 2
path_node = NodePath("..")
path_interval = 4.612
path_rotation = 2
path_local = false
path_continuous_u = false
path_joined = false
material = SubResource( 4 )

[node name="BlueTunnel" type="Path" parent="Track/MainPath/Linked Paths"]
curve = SubResource( 6 )
script = ExtResource( 4 )
parent_path = NodePath("../../../../../Root/Track/MainPath")
start_node = 17
length = 3

[node name="CSGPolygon" type="CSGPolygon" parent="Track/MainPath/Linked Paths/BlueTunnel"]
invert_faces = true
polygon = PoolVector2Array( -1, -3, -7, -1, -8, 4, -5, 8, 0, 10, 5, 8, 8, 4, 7, -1, 1, -3, 1, -4, 8, -2, 9, 4, 6, 9, 0, 11, -6, 9, -9, 4, -8, -2, -1, -4 )
mode = 2
path_node = NodePath("..")
path_interval = 4.612
path_rotation = 2
path_local = false
path_continuous_u = false
path_joined = false
material = SubResource( 7 )

[node name="Rail" type="Path" parent="Track/MainPath/Linked Paths"]
curve = SubResource( 8 )
script = ExtResource( 4 )
parent_path = NodePath("../../../../../Root/Track/MainPath")
start_node = 0
length = 24

[node name="CSGPolygon" type="CSGPolygon" parent="Track/MainPath/Linked Paths/Rail"]
transform = Transform( 1, 0, 0, 0, 1, 0, 0, 0, 1, 0, -0.10881, 0 )
invert_faces = true
polygon = PoolVector2Array( -7.177, 1.444, -7.166, 1.668, -7.368, 1.649, -7.362, 1.447 )
mode = 2
path_node = NodePath("..")
path_interval = 4.612
path_rotation = 2
path_local = false
path_continuous_u = false
path_joined = true
material = ExtResource( 6 )

[node name="Rail2" type="Path" parent="Track/MainPath/Linked Paths"]
curve = SubResource( 8 )
script = ExtResource( 4 )
parent_path = NodePath("../../../../../Root/Track/MainPath")
start_node = 0
length = 24

[node name="CSGPolygon" type="CSGPolygon" parent="Track/MainPath/Linked Paths/Rail2"]
invert_faces = true
polygon = PoolVector2Array( 7.005, 1.5, 6.992, 1.684, 7.185, 1.675, 7.189, 1.494 )
mode = 2
path_node = NodePath("..")
path_interval = 4.612
path_rotation = 2
path_local = false
path_continuous_u = false
path_joined = true
material = ExtResource( 6 )

[node name="Standalone Objects" type="Spatial" parent="Track"]
visible = false

[node name="Semi-Circle" type="CSGPolygon" parent="Track/Standalone Objects"]
transform = Transform( 1, 0, 0, 0, 1, 0, 0, 0, 1, -2.05981, -0.209588, -26.7052 )
polygon = PoolVector2Array( -5.66183, 0.0480834, -5.10887, 3.29372, -2.95713, 5.2411, -0.0360629, 5.73395, 3.32978, 5.31322, 5.28918, 3.49807, 6.1066, -0.0240415, 5.12089, -0.0240415, 4.45974, 3.32978, 2.93309, 4.76026, -0.0240415, 5.06078, -2.64459, 4.56793, -4.39964, 2.98117, -4.97664, 1.4013e-45 )
depth = 42.763
material = SubResource( 9 )

[node name="Vehicle" parent="." instance=ExtResource( 8 )]
transform = Transform( 1, 0, 0, 0, 1, 0, 0, 0, 1, 0, 2.12198, 0 )
hover_height = 0.7
instability_period = 1.6
offset_position_max = Vector3( 0.07, 0.06, 0 )

[node name="Trees" type="Spatial" parent="."]
script = ExtResource( 9 )
parent_path = NodePath("../Track/MainPath")
object_res = ExtResource( 10 )
copies = 14
space_between = 0.01
offset = Vector3( -8.362, -0.409, 0 )
random_rotate = true
mirror_x = true

[node name="Trees__0" parent="Trees" instance=ExtResource( 10 )]
transform = Transform( 0.517748, 0, 0.855533, 0, 1, 0, -0.855533, 0, 0.517748, 8.32453, -0.886899, -13.0498 )

[node name="Trees__0_(Mirror)" parent="Trees" instance=ExtResource( 10 )]
transform = Transform( 0.852487, 0, -0.522748, 0, 1, 0, 0.522748, 0, 0.852487, -8.37132, 0.0702449, -12.947 )

[node name="Trees__1" parent="Trees" instance=ExtResource( 10 )]
transform = Transform( -0.669157, 0, 0.743121, 0, 1, 0, -0.743121, 0, -0.669157, 8.19149, -1.11851, -29.3496 )

[node name="Trees__1_(Mirror)" parent="Trees" instance=ExtResource( 10 )]
transform = Transform( 0.563831, 0, 0.82589, 0, 1, 0, -0.82589, 0, 0.563831, -8.46084, 0.420031, -29.2451 )

[node name="Trees__2" parent="Trees" instance=ExtResource( 10 )]
transform = Transform( 0.512852, 0, -0.858477, 0, 1, 0, 0.858477, 0, 0.512852, 8.0707, -1.20736, -45.8878 )

[node name="Trees__2_(Mirror)" parent="Trees" instance=ExtResource( 10 )]
transform = Transform( -0.839178, 0, 0.543857, 0, 1, 0, -0.543857, 0, -0.839178, -8.55152, 0.628102, -45.7821 )

[node name="Trees__3" parent="Trees" instance=ExtResource( 10 )]
transform = Transform( 0.935112, 0, 0.354352, 0, 1, 0, -0.354352, 0, 0.935112, 7.94935, -1.28299, -62.4563 )

[node name="Trees__3_(Mirror)" parent="Trees" instance=ExtResource( 10 )]
transform = Transform( 0.46436, 0, 0.885647, 0, 1, 0, -0.885647, 0, 0.46436, -8.64073, 0.823262, -62.3501 )

[node name="Trees__4" parent="Trees" instance=ExtResource( 10 )]
transform = Transform( 0.962408, 0, -0.271609, 0, 1, 0, 0.271609, 0, 0.962408, 7.82619, -1.36614, -78.7345 )

[node name="Trees__4_(Mirror)" parent="Trees" instance=ExtResource( 10 )]
transform = Transform( -0.83692, 0, 0.547326, 0, 1, 0, -0.547326, 0, -0.83692, -8.72534, 1.02419, -78.6276 )

[node name="Trees__5" parent="Trees" instance=ExtResource( 10 )]
transform = Transform( -0.269043, 0, -0.963128, 0, 1, 0, 0.963128, 0, -0.269043, 7.6867, -1.51416, -94.9786 )

[node name="Trees__5_(Mirror)" parent="Trees" instance=ExtResource( 10 )]
transform = Transform( -0.224823, 0, -0.9744, 0, 1, 0, 0.9744, 0, -0.224823, -8.79958, 1.29106, -94.8703 )

[node name="Trees__6" parent="Trees" instance=ExtResource( 10 )]
transform = Transform( -0.0928538, 0, 0.99568, 0, 1, 0, -0.99568, 0, -0.0928538, 6.29038, -2.63291, -111.649 )

[node name="Trees__6_(Mirror)" parent="Trees" instance=ExtResource( 10 )]
transform = Transform( -0.990174, 0, -0.139843, 0, 1, 0, 0.139843, 0, -0.990174, -9.23832, 3.42573, -110.782 )

[node name="Trees__7" parent="Trees" instance=ExtResource( 10 )]
transform = Transform( 0.966602, 0, -0.256284, 0, 1, 0, 0.256284, 0, 0.966602, 5.56727, -2.99234, -127.543 )

[node name="Trees__7_(Mirror)" parent="Trees" instance=ExtResource( 10 )]
transform = Transform( 0.987112, 0, -0.160033, 0, 1, 0, 0.160033, 0, 0.987112, -9.156, 4.88695, -127.531 )

[node name="Trees__8" parent="Trees" instance=ExtResource( 10 )]
transform = Transform( 0.153648, 0, 0.988126, 0, 1, 0, -0.988126, 0, 0.153648, 7.16922, -3.15056, -141.305 )

[node name="Trees__8_(Mirror)" parent="Trees" instance=ExtResource( 10 )]
transform = Transform( 0.969934, 0, 0.24337, 0, 1, 0, -0.24337, 0, 0.969934, -6.29194, 5.54103, -146.071 )

[node name="Trees__9" parent="Trees" instance=ExtResource( 10 )]
transform = Transform( 0.873673, 0, -0.486514, 0, 1, 0, 0.486514, 0, 0.873673, 13.4117, -3.73629, -154.782 )

[node name="Trees__9_(Mirror)" parent="Trees" instance=ExtResource( 10 )]
transform = Transform( 0.833944, 0, -0.55185, 0, 1, 0, 0.55185, 0, 0.833944, 1.29441, 5.10419, -162.091 )

[node name="Trees__10" parent="Trees" instance=ExtResource( 10 )]
transform = Transform( -0.851615, 0, -0.524168, 0, 1, 0, 0.524168, 0, -0.851615, 21.726, -4.43757, -167.938 )

[node name="Trees__10_(Mirror)" parent="Trees" instance=ExtResource( 10 )]
transform = Transform( 0.325117, 0, 0.945674, 0, 1, 0, -0.945674, 0, 0.325117, 10.387, 4.52534, -176.295 )

[node name="Trees__11" parent="Trees" instance=ExtResource( 10 )]
transform = Transform( 0.643026, 0, -0.765844, 0, 1, 0, 0.765844, 0, 0.643026, 31.1888, -4.86969, -180.848 )

[node name="Trees__11_(Mirror)" parent="Trees" instance=ExtResource( 10 )]
transform = Transform( 0.882471, 0, -0.470367, 0, 1, 0, 0.470367, 0, 0.882471, 20.1382, 4.18775, -189.539 )

[node name="Trees__12" parent="Trees" instance=ExtResource( 10 )]
transform = Transform( 0.991109, 0, 0.133051, 0, 1, 0, -0.133051, 0, 0.991109, 41.923, -4.93835, -188.217 )

[node name="Trees__12_(Mirror)" parent="Trees" instance=ExtResource( 10 )]
transform = Transform( -0.983316, 0, -0.181905, 0, 1, 0, 0.181905, 0, -0.983316, 36.1536, 4.25466, -200.94 )

[node name="Trees__13" parent="Trees" instance=ExtResource( 10 )]
transform = Transform( 0.716126, 0, -0.697971, 0, 1, 0, 0.697971, 0, 0.716126, 56.3792, -4.98676, -193.482 )

[node name="Trees__13_(Mirror)" parent="Trees" instance=ExtResource( 10 )]
transform = Transform( -0.92149, 0, -0.388401, 0, 1, 0, 0.388401, 0, -0.92149, 52.4919, 4.30636, -206.832 )

[node name="Boost Area" parent="." instance=ExtResource( 12 )]
transform = Transform( -0.0033519, -0.165569, 0.986087, -0.0331492, 0.985612, -0.166215, 0.944378, 0.0340089, -0.00233449, 71.2092, 17.183, 0.480974 )
start_pos = 0.443
offset = Vector3( 1.68, 0.58, 0 )

[node name="Rings" type="Spatial" parent="."]
script = ExtResource( 9 )
parent_path = NodePath("../Track/MainPath")
object_res = ExtResource( 11 )
start_pos = 0.882
copies = 12
space_between = 0.007
align_to_path = true

[node name="Rings__0" parent="Rings" instance=ExtResource( 11 )]
transform = Transform( -0.557524, -0.775553, -0.296116, -0.809798, 0.586593, -0.011657, -0.18274, -0.233295, 0.955081, 2.93156, 0.520719, 186.034 )

[node name="Rings__1" parent="Rings" instance=ExtResource( 11 )]
transform = Transform( -0.613089, -0.786179, -0.0777466, -0.78865, 0.61484, 0.00176424, -0.0464147, -0.0623964, 0.996972, 4.73834, 0.68697, 174.731 )

[node name="Rings__2" parent="Rings" instance=ExtResource( 11 )]
transform = Transform( -0.659762, -0.751351, 0.0136524, -0.75139, 0.659851, 0.00301152, 0.0112713, 0.00827139, 0.999902, 5.20813, 0.522017, 163.326 )

[node name="Rings__3" parent="Rings" instance=ExtResource( 11 )]
transform = Transform( -0.700683, -0.710997, 0.0593869, -0.712241, 0.701935, 0.000295839, 0.041896, 0.0420905, 0.998235, 5.05341, 0.225097, 151.83 )

[node name="Rings__4" parent="Rings" instance=ExtResource( 11 )]
transform = Transform( -0.743901, -0.664251, 0.0733626, -0.666182, 0.745785, -0.00251196, 0.0530442, 0.0507415, 0.997302, 4.57441, -0.0919269, 140.361 )

[node name="Rings__5" parent="Rings" instance=ExtResource( 11 )]
transform = Transform( -0.80266, -0.595745, 0.0287171, -0.595987, 0.802994, 0.000161019, 0.0231556, 0.0169858, 0.999588, 4.10916, -0.228792, 128.92 )

[node name="Rings__6" parent="Rings" instance=ExtResource( 11 )]
transform = Transform( -0.836031, -0.547942, 0.0284933, -0.54815, 0.83638, 0.000607101, 0.0241638, 0.015111, 0.999594, 3.76549, -0.21369, 117.393 )

[node name="Rings__7" parent="Rings" instance=ExtResource( 11 )]
transform = Transform( -0.857508, -0.513683, 0.0284579, -0.513872, 0.857867, 0.000773353, 0.0248104, 0.0139606, 0.999595, 3.42031, -0.196044, 105.81 )

[node name="Rings__8" parent="Rings" instance=ExtResource( 11 )]
transform = Transform( -0.874871, -0.483531, 0.0282577, -0.483704, 0.875231, 0.000781311, 0.0251098, 0.0129848, 0.9996, 3.07246, -0.177358, 94.1364 )

[node name="Rings__9" parent="Rings" instance=ExtResource( 11 )]
transform = Transform( -0.889742, -0.455578, 0.0284264, -0.455738, 0.890114, 0.000966678, 0.0257431, 0.0120949, 0.999595, 2.72583, -0.158224, 82.5026 )

[node name="Rings__10" parent="Rings" instance=ExtResource( 11 )]
transform = Transform( -0.903124, -0.428444, 0.0283267, -0.42859, 0.903498, 0.000995679, 0.0260197, 0.0112413, 0.999598, 2.37885, -0.138724, 70.8561 )

[node name="Rings__11" parent="Rings" instance=ExtResource( 11 )]
transform = Transform( -0.915669, -0.400917, 0.0285649, -0.40105, 0.916055, 0.00117377, 0.0266376, 0.0103812, 0.999591, 2.02504, -0.118577, 58.9801 )

[node name="Ground Plane" type="MeshInstance" parent="."]
transform = Transform( 1, 0, 0, 0, 1.19249e-08, 1, 0, -1, 1.19249e-08, 1, -14, 1 )
mesh = SubResource( 10 )
material/0 = null
script = ExtResource( 14 )
